[gd_scene load_steps=4 format=3 uid="uid://bsy0wl20r6wef"]

[ext_resource type="PackedScene" uid="uid://ce0obf1jki4hs" path="res://02_Assets/StaticBody/Cliffs/cliff.tscn" id="1_p7qqm"]
[ext_resource type="PackedScene" uid="uid://b7xu2btcnmkug" path="res://02_Assets/StaticBody/Ground/ground.tscn" id="2_athbo"]
[ext_resource type="PackedScene" uid="uid://ycyhg47qupe3" path="res://02_Assets/Camera/free_cam.tscn" id="2_yockm"]

[node name="LVL_Swamp" type="Node3D"]

[node name="FreeCam" parent="." instance=ExtResource("2_yockm")]

[node name="cliff_container" type="Node3D" parent="."]

[node name="SM_Cliff" parent="cliff_container" instance=ExtResource("1_p7qqm")]
transform = Transform3D(3.21254, 0, 0, 0, 3.21254, 0, 0, 0, 3.21254, -15.1563, -3.73471, -15.4111)

[node name="SM_Cliff7" parent="cliff_container" instance=ExtResource("1_p7qqm")]
transform = Transform3D(2.27161, 0, -2.27161, 0, 3.21254, 0, 2.27161, 0, 2.27161, 0.516706, -3.73471, -0.333062)

[node name="SM_Cliff8" parent="cliff_container" instance=ExtResource("1_p7qqm")]
transform = Transform3D(0.443133, 0, -1.65379, 0, 1.71213, 0, 1.65379, 0, 0.443133, -1.72508, -5.39529, 18.7882)

[node name="SM_Cliff9" parent="cliff_container" instance=ExtResource("1_p7qqm")]
transform = Transform3D(-0.436479, 0, -1.62896, 0, 1.68643, 0, 1.62896, 0, -0.436479, 1.8444, 0, 12.2431)

[node name="SM_Cliff10" parent="cliff_container" instance=ExtResource("1_p7qqm")]
transform = Transform3D(-1.24442, 0, -2.15541, 0, 2.48885, 0, 2.15541, 0, -1.24442, 18.2302, -3.21727, -0.331063)

[node name="SM_Cliff11" parent="cliff_container" instance=ExtResource("1_p7qqm")]
transform = Transform3D(-1.75988, 0, -1.75988, 0, 2.48885, 0, 1.75988, 0, -1.75988, 1.84717, -3.21727, 26.7569)

[node name="SM_Cliff12" parent="cliff_container" instance=ExtResource("1_p7qqm")]
transform = Transform3D(-0.644161, 0, -2.40404, 0, 2.48885, 0, 2.40404, 0, -0.644161, -5.66392, -3.21727, 40.3644)

[node name="SM_Cliff14" parent="cliff_container" instance=ExtResource("1_p7qqm")]
transform = Transform3D(-0.5, 0, -0.866025, 0, 1, 0, 0.866025, 0, -0.5, -5.57201, 0, 43.9223)

[node name="SM_Cliff15" parent="cliff_container" instance=ExtResource("1_p7qqm")]
transform = Transform3D(-2.71446, 0, -0.727337, 0, 2.81022, 0, 0.727337, 0, -2.71446, -4.20991, -4.88965, 48.9662)

[node name="SM_Cliff16" parent="cliff_container" instance=ExtResource("1_p7qqm")]
transform = Transform3D(-2.71446, 0, 0.727337, 0, 2.81022, 0, -0.727337, 0, -2.71446, -25.1983, -4.88965, 49.1609)

[node name="SM_Cliff17" parent="cliff_container" instance=ExtResource("1_p7qqm")]
transform = Transform3D(-0.5, 0, 0.866025, 0, 1, 0, -0.866025, 0, -0.5, -23.5677, 0, 45.5277)

[node name="SM_Cliff18" parent="cliff_container" instance=ExtResource("1_p7qqm")]
transform = Transform3D(-1.82474, 0.174744, 1.5801, 0.208907, 2.41094, -0.0253761, -1.57594, 0.117263, -1.83291, -25.39, -5.23083, 38.5092)

[node name="SM_Cliff19" parent="cliff_container" instance=ExtResource("1_p7qqm")]
transform = Transform3D(-0.707107, 0, 0.707107, 0, 1, 0, -0.707107, 0, -0.707107, -34.8136, 0.845207, 39.7612)

[node name="SM_Cliff20" parent="cliff_container" instance=ExtResource("1_p7qqm")]
transform = Transform3D(0.664629, 0, 2.48043, 0, 2.56793, 0, -2.48043, 0, 0.664629, -34.0782, 21.5244, 29.5627)

[node name="SM_Cliff21" parent="cliff_container" instance=ExtResource("1_p7qqm")]
transform = Transform3D(0.624412, 0, 2.33034, 0, 2.41254, 0, -2.33034, 0, 0.624412, -34.0079, -2.39601, 28.4146)

[node name="SM_Cliff22" parent="cliff_container" instance=ExtResource("1_p7qqm")]
transform = Transform3D(-0.491018, 0, 1.8325, 0, 1.89715, 0, -1.8325, 0, -0.491018, -34.6827, 13.5806, 21.2547)

[node name="SM_Cliff23" parent="cliff_container" instance=ExtResource("1_p7qqm")]
transform = Transform3D(-0.65, 0, 1.12583, 0, 1.3, 0, -1.12583, 0, -0.65, -37.2179, 0.845207, 14.7929)

[node name="SM_Cliff24" parent="cliff_container" instance=ExtResource("1_p7qqm")]
transform = Transform3D(-0.866025, 0, 0.5, 0, 1, 0, -0.5, 0, -0.866025, -43.9083, 0.637245, 13.4348)

[node name="SM_Cliff25" parent="cliff_container" instance=ExtResource("1_p7qqm")]
transform = Transform3D(-1.35916, 0, 0.364186, 0, 1.40711, 0, -0.364186, 0, -1.35916, -53.4323, -0.746553, 5.07638)

[node name="SM_Cliff26" parent="cliff_container" instance=ExtResource("1_p7qqm")]
transform = Transform3D(-1.40711, 0, 8.387e-08, 0, 1.40711, 0, -8.387e-08, 0, -1.40711, -62.9464, -0.746553, 5.34128)

[node name="SM_Cliff27" parent="cliff_container" instance=ExtResource("1_p7qqm")]
transform = Transform3D(-2.8357, 0, 0.759824, 0, 2.93573, 0, -0.759824, 0, -2.8357, -57.5954, -0.295201, 14.3874)

[node name="SM_Cliff31" parent="cliff_container" instance=ExtResource("1_p7qqm")]
transform = Transform3D(-1.85916, 0, 2.27201, 0, 2.93573, 0, -2.27201, 0, -1.85916, -118.013, -1.14041, -38.0297)

[node name="SM_Cliff38" parent="cliff_container" instance=ExtResource("1_p7qqm")]
transform = Transform3D(-1.44295, 0, 2.55665, 0, 2.93573, 0, -2.55665, 0, -1.44295, -131.325, -1.14041, -54.2977)

[node name="SM_Cliff40" parent="cliff_container" instance=ExtResource("1_p7qqm")]
transform = Transform3D(-1.0685, -0.176583, 0.863629, -0.193001, 1.37104, 0.0415464, -0.860108, -0.088283, -1.0822, -48.5277, 1.4928, -11.5172)

[node name="SM_Cliff45" parent="cliff_container" instance=ExtResource("1_p7qqm")]
transform = Transform3D(-1.16735, -0.101853, 1.21393, -0.0949269, 1.6838, 0.0499925, -1.21449, -0.0337099, -1.17072, -59.9098, 1.17103, -14.5314)

[node name="SM_Cliff46" parent="cliff_container" instance=ExtResource("1_p7qqm")]
transform = Transform3D(-1.11834, 0, 1.45183, 0, 1.83262, 0, -1.45183, 0, -1.11834, -70.4328, -1.33812, -23.3063)

[node name="SM_Cliff48" parent="cliff_container" instance=ExtResource("1_p7qqm")]
transform = Transform3D(-2.65533, 0, 0.926556, 0, 2.81235, 0, -0.926556, 0, -2.65533, -179.422, -4.8954, -4.60431)

[node name="SM_Cliff49" parent="cliff_container" instance=ExtResource("1_p7qqm")]
transform = Transform3D(-0.990729, 0, -0.135854, 0, 1, 0, 0.135854, 0, -0.990729, -117.482, 0, -42.8457)

[node name="SM_Cliff51" parent="cliff_container" instance=ExtResource("1_p7qqm")]
transform = Transform3D(-0.956707, 0, -0.291053, 0, 1, 0, 0.291053, 0, -0.956707, -128.851, 0, -38.7229)

[node name="SM_Cliff54" parent="cliff_container" instance=ExtResource("1_p7qqm")]
transform = Transform3D(-0.887292, 1.12293e-08, -0.461206, 1.06403e-08, 1, 3.87736e-09, 0.461206, -1.467e-09, -0.887292, -150.342, 0, -32.7262)

[node name="SM_Cliff56" parent="cliff_container" instance=ExtResource("1_p7qqm")]
transform = Transform3D(-1.75555, 3.72936e-09, -2.06378, 4.47424e-09, 2.70946, 1.09012e-09, 2.06378, -2.70169e-09, -1.75555, -119.414, -2.63856, 47.6172)

[node name="SM_Cliff57" parent="cliff_container" instance=ExtResource("1_p7qqm")]
transform = Transform3D(-4.78734, -0.172984, -0.850424, -0.185467, 4.86152, 0.0551814, 0.847789, 0.0867146, -4.79014, -98.0342, -9.25025, 57.9406)

[node name="SM_Cliff58" parent="cliff_container" instance=ExtResource("1_p7qqm")]
transform = Transform3D(-4.79366, 0.466548, -0.689166, 0.493043, 4.83786, -0.15437, 0.670467, -0.221933, -4.81383, -131.277, -9.25025, 65.1612)

[node name="SM_Cliff59" parent="cliff_container" instance=ExtResource("1_p7qqm")]
transform = Transform3D(-4.23529, -1.14661e-07, 1.00235, -1.15369e-07, 4.35229, 1.03888e-08, -1.00235, -1.64606e-08, -4.23529, -155.794, 6.69946, 82.9355)

[node name="SM_Cliff60" parent="cliff_container" instance=ExtResource("1_p7qqm")]
transform = Transform3D(-3.98793, -1.43912e-07, 1.7432, -1.45509e-07, 4.35229, 2.64264e-08, -1.7432, -3.40658e-08, -3.98793, -184.736, -12.5862, 74.1789)

[node name="SM_Cliff70" parent="cliff_container" instance=ExtResource("1_p7qqm")]
transform = Transform3D(-1.20768, -8.09098e-08, 1.62704, -9.04095e-08, 2.02627, 3.36554e-08, -1.62704, -5.25374e-08, -1.20768, -276.972, -3.04036, 32.9006)

[node name="SM_Cliff71" parent="cliff_container" instance=ExtResource("1_p7qqm")]
transform = Transform3D(-0.89743, -8.60473e-08, 1.81669, -9.86995e-08, 2.02627, 4.72169e-08, -1.81669, -6.75789e-08, -0.89743, -285.406, -3.04036, 21.7777)

[node name="SM_Cliff72" parent="cliff_container" instance=ExtResource("1_p7qqm")]
transform = Transform3D(-1.20768, -8.09098e-08, 1.62704, -9.04095e-08, 2.02627, 3.36554e-08, -1.62704, -5.25374e-08, -1.20768, -292.779, -3.04036, 9.43852)

[node name="SM_Cliff73" parent="cliff_container" instance=ExtResource("1_p7qqm")]
transform = Transform3D(-0.89743, -8.60473e-08, 1.81669, -9.86995e-08, 2.02627, 4.72169e-08, -1.81669, -6.75789e-08, -0.89743, -301.212, -3.04036, -1.68434)

[node name="SM_Cliff74" parent="cliff_container" instance=ExtResource("1_p7qqm")]
transform = Transform3D(-0.89743, -8.60473e-08, 1.81669, -9.86995e-08, 2.02627, 4.72169e-08, -1.81669, -6.75789e-08, -0.89743, -305.657, -3.04036, -13.7858)

[node name="SM_Cliff75" parent="cliff_container" instance=ExtResource("1_p7qqm")]
transform = Transform3D(-0.759347, -8.7374e-08, 1.8786, -1.01406e-07, 2.02627, 5.32528e-08, -1.8786, -7.40592e-08, -0.759347, -311.995, -3.04036, -28.4771)

[node name="SM_Cliff77" parent="cliff_container" instance=ExtResource("1_p7qqm")]
transform = Transform3D(1.2, -5.82313e-08, 1.63271, -9.06574e-08, 2.02627, 1.38899e-07, -1.63271, -1.55309e-07, 1.2, -304.793, -3.04036, -49.5058)

[node name="SM_Cliff85" parent="cliff_container" instance=ExtResource("1_p7qqm")]
transform = Transform3D(1.98822, 2.25516e-09, 0.390794, -3.63716e-08, 2.02627, 1.73353e-07, -0.390794, -1.77113e-07, 1.98822, -222.367, -3.04036, -124.963)

[node name="SM_Cliff2" parent="cliff_container" instance=ExtResource("1_p7qqm")]
transform = Transform3D(3.10308, 0, -0.831468, 0, 3.21254, 0, 0.831468, 0, 3.10308, -33.9656, -3.73471, -12.7025)

[node name="SM_Cliff3" parent="cliff_container" instance=ExtResource("1_p7qqm")]
transform = Transform3D(0.908581, 0, -0.908581, 0, 1.28493, 0, 0.908581, 0, 0.908581, -11.6191, -0.769628, -3.29336)

[node name="SM_Cliff4" parent="cliff_container" instance=ExtResource("1_p7qqm")]
transform = Transform3D(0.707107, 0, -0.707107, 0, 1, 0, 0.707107, 0, 0.707107, -16.4662, 0, -8.14042)

[node name="SM_Cliff165" parent="cliff_container" instance=ExtResource("1_p7qqm")]
transform = Transform3D(1.56827, 0, -0.905439, 0, 1.81088, 0, 0.905439, 0, 1.56827, -22.5284, -1.26017, -11.6404)

[node name="SM_Cliff191" parent="cliff_container" instance=ExtResource("1_p7qqm")]
transform = Transform3D(1.13799, 0, 0.558408, 0, 1.26762, 0, -0.558408, 0, 1.13799, -20.0304, -2.88611, -3.12552)

[node name="SM_Cliff6" parent="cliff_container" instance=ExtResource("1_p7qqm")]
transform = Transform3D(1.43288, 0, -4.27033e-08, 0, 1.43288, 0, 4.27033e-08, 0, 1.43288, -29.5662, 0, -13.1564)

[node name="SM_Cliff32" parent="cliff_container" instance=ExtResource("1_p7qqm")]
transform = Transform3D(1.4, 0, -4.17232e-08, 0, 1.4, 0, 4.17232e-08, 0, 1.4, -40.2127, 0, -13.4824)

[node name="SM_Cliff33" parent="cliff_container" instance=ExtResource("1_p7qqm")]
transform = Transform3D(0.941388, 0, -0.337325, 0, 1, 0, 0.337325, 0, 0.941388, -41.4442, -7.62939e-06, -20.2718)

[node name="SM_Cliff34" parent="cliff_container" instance=ExtResource("1_p7qqm")]
transform = Transform3D(2.26045, 0, -1.13017, 0, 2.52723, 0, 1.13017, 0, 2.26045, -46.2057, -0.870821, -27.5518)

[node name="SM_Cliff36" parent="cliff_container" instance=ExtResource("1_p7qqm")]
transform = Transform3D(2.19197, 0, -1.76295, 0, 2.81296, 0, 1.76295, 0, 2.19197, -59.3573, 26.872, -33.6647)

[node name="SM_Cliff37" parent="cliff_container" instance=ExtResource("1_p7qqm")]
transform = Transform3D(0.880361, 0, -0.474303, 0, 1, 0, 0.474303, 0, 0.880361, -65.0911, -0.251503, -35.5593)

[node name="SM_Cliff41" parent="cliff_container" instance=ExtResource("1_p7qqm")]
transform = Transform3D(0.898242, 0, -0.4395, 0, 1, 0, 0.4395, 0, 0.898242, -70.3354, -0.251503, -38.3848)

[node name="SM_Cliff42" parent="cliff_container" instance=ExtResource("1_p7qqm")]
transform = Transform3D(3.85323, 0, -2.63649, 0, 4.66888, 0, 2.63649, 0, 3.85323, -62.1335, -2.37304, -33.9624)

[node name="SM_Cliff43" parent="cliff_container" instance=ExtResource("1_p7qqm")]
transform = Transform3D(1.52725, 0, -1.75789, 0, 2.32867, 0, 1.75789, 0, 1.52725, -82.8749, -1.71093, -46.3472)

[node name="SM_Cliff44" parent="cliff_container" instance=ExtResource("1_p7qqm")]
transform = Transform3D(1.43796, 0, -1.83166, 0, 2.32867, 0, 1.83166, 0, 1.43796, -97.6627, -1.71091, -49.8904)

[node name="SM_Cliff61" parent="cliff_container" instance=ExtResource("1_p7qqm")]
transform = Transform3D(0.366079, -1.25317e-08, -0.930584, 6.2951e-09, 1, -1.09901e-08, 0.930584, -1.83488e-09, 0.366079, -92.7047, 0, -52.6274)

[node name="SM_Cliff62" parent="cliff_container" instance=ExtResource("1_p7qqm")]
transform = Transform3D(2.08876, -5.4316e-08, -1.90978, 2.43378e-08, 2.83022, -5.38758e-08, 1.90978, 2.33388e-08, 2.08876, -143.144, 0, -67.1894)

[node name="SM_Cliff63" parent="cliff_container" instance=ExtResource("1_p7qqm")]
transform = Transform3D(1.42003, -4.67935e-08, -1.35011, 1.81819e-08, 1.95941, -4.87879e-08, 1.35011, 2.28298e-08, 1.42003, -119.574, -10.4803, -121.794)

[node name="SM_Cliff64" parent="cliff_container" instance=ExtResource("1_p7qqm")]
transform = Transform3D(0.276743, -5.64665e-08, -2.44449, 2.22687e-08, 2.46011, -5.43062e-08, 2.44449, -1.60183e-08, 0.276743, -89.4999, 3.92175, -70.4207)

[node name="SM_Cliff65" parent="cliff_container" instance=ExtResource("1_p7qqm")]
transform = Transform3D(0.658801, -4.13268e-08, -2.37026, 1.90237e-08, 2.46011, -3.76059e-08, 2.37026, -8.2583e-09, 0.658801, -91.8136, 3.92175, -88.4156)

[node name="SM_Cliff66" parent="cliff_container" instance=ExtResource("1_p7qqm")]
transform = Transform3D(0.436937, -1.7768e-08, -1.21484, 8.7142e-09, 1.29102, -1.57481e-08, 1.21484, -2.87015e-09, 0.436937, -98.7568, -0.524062, -93.5715)

[node name="SM_Cliff67" parent="cliff_container" instance=ExtResource("1_p7qqm")]
transform = Transform3D(0.957203, -1.52949e-08, -1.78592, 8.39804e-09, 2.02627, -1.28522e-08, 1.78592, -1.33061e-09, 0.957203, -88.7101, -3.04036, -90.3087)

[node name="SM_Cliff68" parent="cliff_container" instance=ExtResource("1_p7qqm")]
transform = Transform3D(1.16074, -4.72013e-08, -3.22726, 2.31496e-08, 3.42965, -4.18353e-08, 3.22726, -7.62466e-09, 1.16074, -82.9694, 0.857891, -88.6892)

[node name="SM_Cliff87" parent="cliff_container" instance=ExtResource("1_p7qqm")]
transform = Transform3D(3.03721, 6.14249e-08, -1.59308, -4.82826e-08, 3.42965, 4.01876e-08, 1.59308, -1.31616e-08, 3.03721, -108.074, 0.857889, -125.025)

[node name="SM_Cliff88" parent="cliff_container" instance=ExtResource("1_p7qqm")]
transform = Transform3D(1.85921, 4.21768e-08, -0.805669, -3.44502e-08, 2.02627, 2.65758e-08, 0.805669, -1.06869e-08, 1.85921, -122.879, -3.04036, -132.803)

[node name="SM_Cliff89" parent="cliff_container" instance=ExtResource("1_p7qqm")]
transform = Transform3D(1.95703, 5.31118e-08, -0.525154, -4.67119e-08, 2.02627, 3.08518e-08, 0.525154, -1.76911e-08, 1.95703, -136.95, -3.04036, -137.307)

[node name="SM_Cliff90" parent="cliff_container" instance=ExtResource("1_p7qqm")]
transform = Transform3D(1.85921, 4.21768e-08, -0.805669, -3.44502e-08, 2.02627, 2.65758e-08, 0.805669, -1.06869e-08, 1.85921, -149.917, -3.04036, -142.617)

[node name="SM_Cliff97" parent="cliff_container" instance=ExtResource("1_p7qqm")]
transform = Transform3D(0.707107, 0, -0.707107, 0, 1, 0, 0.707107, 0, 0.707107, 4.87868, 5.40228, 2.12132)

[node name="SM_Cliff98" parent="cliff_container" instance=ExtResource("1_p7qqm")]
transform = Transform3D(0.258819, 0, -0.965926, 0, 1, 0, 0.965926, 0, 0.258819, 7.89658, 5.40228, 7.58871)

[node name="SM_Cliff100" parent="cliff_container" instance=ExtResource("1_p7qqm")]
transform = Transform3D(-1.24442, 0, -2.15541, 0, 2.48885, 0, 2.15541, 0, -1.24442, 11.0736, 10.2282, 12.0645)

[node name="SM_Cliff102" parent="cliff_container" instance=ExtResource("1_p7qqm")]
transform = Transform3D(-0.644161, 0, -2.40404, 0, 2.48885, 0, 2.40404, 0, -0.644161, -5.66392, 10.2282, 40.3644)

[node name="SM_Cliff104" parent="cliff_container" instance=ExtResource("1_p7qqm")]
transform = Transform3D(-1.35511, 0, -2.34713, 0, 2.71023, 0, 2.34713, 0, -1.35511, -0.698642, 7.46985, 46.7691)

[node name="SM_Cliff105" parent="cliff_container" instance=ExtResource("1_p7qqm")]
transform = Transform3D(-2.71446, 0, -0.727337, 0, 2.81022, 0, 0.727337, 0, -2.71446, -4.20991, 10.2919, 48.9662)

[node name="SM_Cliff106" parent="cliff_container" instance=ExtResource("1_p7qqm")]
transform = Transform3D(-2.71446, 0, 0.727337, 0, 2.81022, 0, -0.727337, 0, -2.71446, -25.1983, 10.2919, 49.1609)

[node name="SM_Cliff107" parent="cliff_container" instance=ExtResource("1_p7qqm")]
transform = Transform3D(-0.5, 0, 0.866025, 0, 1, 0, -0.866025, 0, -0.5, -23.5677, 5.40228, 45.5277)

[node name="SM_Cliff108" parent="cliff_container" instance=ExtResource("1_p7qqm")]
transform = Transform3D(-1.71127, 0, 1.71127, 0, 2.4201, 0, -1.71127, 0, -1.71127, -27.5677, 9.23818, 38.5995)

[node name="SM_Cliff109" parent="cliff_container" instance=ExtResource("1_p7qqm")]
transform = Transform3D(-0.707107, 0, 0.707107, 0, 1, 0, -0.707107, 0, -0.707107, -34.8136, 6.24749, 39.7612)

[node name="SM_Cliff110" parent="cliff_container" instance=ExtResource("1_p7qqm")]
transform = Transform3D(0.506824, 0, 1.89149, 0, 1.95822, 0, -1.89149, 0, 0.506824, -37.3664, 13.9461, 37.9622)

[node name="SM_Cliff111" parent="cliff_container" instance=ExtResource("1_p7qqm")]
transform = Transform3D(-0.0920261, 0, 1.76066, 0, 1.76307, 0, -1.76066, 0, -0.0920261, -33.5856, 10.3443, 35.3564)

[node name="SM_Cliff112" parent="cliff_container" instance=ExtResource("1_p7qqm")]
transform = Transform3D(-0.655089, 0.0871757, 1.5755, 0.0785545, 1.70557, -0.0617099, -1.57595, 0.0487782, -0.657976, -32.0029, -1.35625, 18.3922)

[node name="SM_Cliff113" parent="cliff_container" instance=ExtResource("1_p7qqm")]
transform = Transform3D(-1.31174, 0, 1.2278, 0, 1.79671, 0, -1.2278, 0, -1.31174, -37.8841, 10.2308, 12.473)

[node name="SM_Cliff114" parent="cliff_container" instance=ExtResource("1_p7qqm")]
transform = Transform3D(-1.21859, 0, 0.703553, 0, 1.40711, 0, -0.703553, 0, -1.21859, -44.3025, 6.57292, 9.12643)

[node name="SM_Cliff116" parent="cliff_container" instance=ExtResource("1_p7qqm")]
transform = Transform3D(-1.40711, 0, 8.387e-08, 0, 1.40711, 0, -8.387e-08, 0, -1.40711, -62.9464, 6.85502, 5.34128)

[node name="SM_Cliff117" parent="cliff_container" instance=ExtResource("1_p7qqm")]
transform = Transform3D(-2.8357, 0, 0.759824, 0, 2.93573, 0, -0.759824, 0, -2.8357, -55.8019, 15.7301, 13.1963)

[node name="SM_Cliff121" parent="cliff_container" instance=ExtResource("1_p7qqm")]
transform = Transform3D(-1.85916, 0, 2.27201, 0, 2.93573, 0, -2.27201, 0, -1.85916, -118.013, 14.7192, -38.0297)

[node name="SM_Cliff124" parent="cliff_container" instance=ExtResource("1_p7qqm")]
transform = Transform3D(-1.6481, 0, 2.31456, 0, 2.84138, 0, -2.31456, 0, -1.6481, -110.009, -0.821835, -23.4718)

[node name="SM_Cliff126" parent="cliff_container" instance=ExtResource("1_p7qqm")]
transform = Transform3D(-0.845298, 0, 1.09736, 0, 1.38518, 0, -1.09736, 0, -0.845298, -62.6325, 9.62964, -23.7326)

[node name="SM_Cliff127" parent="cliff_container" instance=ExtResource("1_p7qqm")]
transform = Transform3D(-2.12421, 0, -1.8431, 0, 2.81235, 0, 1.8431, 0, -2.12421, -156.373, -4.70901, -9.15555)

[node name="SM_Cliff129" parent="cliff_container" instance=ExtResource("1_p7qqm")]
transform = Transform3D(-0.990729, 0, -0.135854, 0, 1, 0, 0.135854, 0, -0.990729, -117.482, 5.40228, -42.8457)

[node name="SM_Cliff131" parent="cliff_container" instance=ExtResource("1_p7qqm")]
transform = Transform3D(-0.956707, 0, -0.291053, 0, 1, 0, 0.291053, 0, -0.956707, -128.851, 5.40228, -38.7229)

[node name="SM_Cliff134" parent="cliff_container" instance=ExtResource("1_p7qqm")]
transform = Transform3D(-0.887292, 1.12293e-08, -0.461206, 1.06403e-08, 1, 3.87736e-09, 0.461206, -1.467e-09, -0.887292, -150.342, 5.40228, -32.7262)

[node name="SM_Cliff136" parent="cliff_container" instance=ExtResource("1_p7qqm")]
transform = Transform3D(-0.966792, 1.69933e-09, -0.255563, 1.65134e-09, 1, 4.02338e-10, 0.255563, -3.30438e-11, -0.966792, -162.568, 5.40228, -25.516)

[node name="SM_Cliff137" parent="cliff_container" instance=ExtResource("1_p7qqm")]
transform = Transform3D(-0.984235, -1.69149e-08, 0.176862, -1.72506e-08, 1, -3.60138e-10, -0.176862, -3.40543e-09, -0.984235, -169.36, 5.40228, -25.307)

[node name="SM_Cliff139" parent="cliff_container" instance=ExtResource("1_p7qqm")]
transform = Transform3D(-2.65087, -6.89309e-08, -0.560412, -7.18216e-08, 2.70946, 6.46743e-09, 0.560412, 2.11829e-08, -2.65087, -154.457, -9.31945, 68.2576)

[node name="SM_Cliff140" parent="cliff_container" instance=ExtResource("1_p7qqm")]
transform = Transform3D(-4.76855, -1.6529e-07, 0.965755, -1.62662e-07, 4.86537, 2.95418e-08, -0.965755, -3.33391e-09, -4.76855, -209.891, -10.7615, 80.809)

[node name="SM_Cliff141" parent="cliff_container" instance=ExtResource("1_p7qqm")]
transform = Transform3D(-1.20768, -8.09098e-08, 1.62704, -9.04095e-08, 2.02627, 3.36554e-08, -1.62704, -5.25374e-08, -1.20768, -276.972, 7.9061, 32.9006)

[node name="SM_Cliff142" parent="cliff_container" instance=ExtResource("1_p7qqm")]
transform = Transform3D(-0.89743, -8.60473e-08, 1.81669, -9.86995e-08, 2.02627, 4.72169e-08, -1.81669, -6.75789e-08, -0.89743, -285.406, 7.9061, 21.7777)

[node name="SM_Cliff144" parent="cliff_container" instance=ExtResource("1_p7qqm")]
transform = Transform3D(-0.89743, -8.60473e-08, 1.81669, -9.86995e-08, 2.02627, 4.72169e-08, -1.81669, -6.75789e-08, -0.89743, -301.212, 7.9061, -1.68434)

[node name="SM_Cliff145" parent="cliff_container" instance=ExtResource("1_p7qqm")]
transform = Transform3D(-0.89743, -8.60473e-08, 1.81669, -9.86995e-08, 2.02627, 4.72169e-08, -1.81669, -6.75789e-08, -0.89743, -305.657, 7.9061, -13.7858)

[node name="SM_Cliff146" parent="cliff_container" instance=ExtResource("1_p7qqm")]
transform = Transform3D(-0.759347, -8.7374e-08, 1.8786, -1.01406e-07, 2.02627, 5.32528e-08, -1.8786, -7.40592e-08, -0.759347, -311.995, 7.9061, -28.4771)

[node name="SM_Cliff147" parent="cliff_container" instance=ExtResource("1_p7qqm")]
transform = Transform3D(1.23618, -5.6726e-08, 1.6055, -8.94679e-08, 2.02627, 1.4048e-07, -1.6055, -1.56593e-07, 1.23618, -312.283, 7.9061, -40.5758)

[node name="SM_Cliff154" parent="cliff_container" instance=ExtResource("1_p7qqm")]
transform = Transform3D(1.50633, -4.34784e-08, 1.35526, -7.85296e-08, 2.02627, 1.52289e-07, -1.35526, -1.65736e-07, 1.50633, -249.262, 7.9061, -117.384)

[node name="SM_Cliff155" parent="cliff_container" instance=ExtResource("1_p7qqm")]
transform = Transform3D(2.015, 1.00787e-08, 0.213384, -2.86167e-08, 2.02627, 1.74523e-07, -0.213384, -1.76567e-07, 2.015, -238.247, 7.9061, -122.948)

[node name="SM_Cliff156" parent="cliff_container" instance=ExtResource("1_p7qqm")]
transform = Transform3D(1.98822, 2.25516e-09, 0.390794, -3.63716e-08, 2.02627, 1.73353e-07, -0.390794, -1.77113e-07, 1.98822, -222.367, 7.9061, -124.963)

[node name="SM_Cliff161" parent="cliff_container" instance=ExtResource("1_p7qqm")]
transform = Transform3D(1.98822, 2.25516e-09, 0.390794, -3.63716e-08, 2.02627, 1.73353e-07, -0.390794, -1.77113e-07, 1.98822, -162.45, 7.9061, -147.432)

[node name="SM_Cliff163" parent="cliff_container" instance=ExtResource("1_p7qqm")]
transform = Transform3D(2.27161, 0, -2.27161, 0, 3.21254, 0, 2.27161, 0, 2.27161, -53.0814, 13.3689, -21.364)

[node name="SM_Cliff164" parent="cliff_container" instance=ExtResource("1_p7qqm")]
transform = Transform3D(0.908581, 0, -0.908581, 0, 1.28493, 0, 0.908581, 0, 0.908581, -17.0706, 6.17191, -8.74484)

[node name="SM_Cliff166" parent="cliff_container" instance=ExtResource("1_p7qqm")]
transform = Transform3D(1.32671, 0, -3.95391e-08, 0, 1.32671, 0, 3.95391e-08, 0, 1.32671, -29.1245, 10.5138, -15.4824)

[node name="SM_Cliff167" parent="cliff_container" instance=ExtResource("1_p7qqm")]
transform = Transform3D(1.44, 0, -4.29153e-08, 0, 1.44, 0, 4.29153e-08, 0, 1.44, -33.6857, 10.4023, -20.5125)

[node name="SM_Cliff168" parent="cliff_container" instance=ExtResource("1_p7qqm")]
transform = Transform3D(0.941388, 0, -0.337325, 0, 1, 0, 0.337325, 0, 0.941388, -41.4442, 5.40227, -20.2718)

[node name="SM_Cliff170" parent="cliff_container" instance=ExtResource("1_p7qqm")]
transform = Transform3D(1.96932, 0, -1.58388, 0, 2.52723, 0, 1.58388, 0, 1.96932, -62.699, 12.782, -38.8328)

[node name="SM_Cliff171" parent="cliff_container" instance=ExtResource("1_p7qqm")]
transform = Transform3D(1.96932, 0, -1.58388, 0, 2.52723, 0, 1.58388, 0, 1.96932, -74.8062, 33.3536, -48.6875)

[node name="SM_Cliff179" parent="cliff_container" instance=ExtResource("1_p7qqm")]
transform = Transform3D(-0.0971773, 0, -3.84702, 0, 3.84825, 0, 3.84702, 0, -0.0971773, -85.0173, -0.848751, -66.2834)

[node name="SM_Cliff181" parent="cliff_container" instance=ExtResource("1_p7qqm")]
transform = Transform3D(2.73972, 0, -2.7024, 0, 3.84825, 0, 2.7024, 0, 2.73972, -72.3654, 27.358, -57.7924)

[node name="SM_Cliff172" parent="cliff_container" instance=ExtResource("1_p7qqm")]
transform = Transform3D(0.880361, 0, -0.474303, 0, 1, 0, 0.474303, 0, 0.880361, -65.0911, 5.15078, -35.5593)

[node name="SM_Cliff175" parent="cliff_container" instance=ExtResource("1_p7qqm")]
transform = Transform3D(1.52725, 0, -1.75789, 0, 2.32867, 0, 1.75789, 0, 1.52725, -86.4308, 10.8692, -36.9626)

[node name="SM_Cliff183" parent="cliff_container" instance=ExtResource("1_p7qqm")]
transform = Transform3D(1.92386, 0, -2.2144, 0, 2.93339, 0, 2.2144, 0, 1.92386, -80.2534, 10.8692, -42.8614)

[node name="SM_Cliff176" parent="cliff_container" instance=ExtResource("1_p7qqm")]
transform = Transform3D(0.617503, 0, -0.786569, 0, 1, 0, 0.786569, 0, 0.617503, -89.8833, 5.40228, -46.1487)

[node name="SM_Cliff47" parent="cliff_container" instance=ExtResource("1_p7qqm")]
transform = Transform3D(-1.63556, -0.0801388, -0.406478, -0.0949269, 1.6838, 0.0499925, 0.403281, 0.0713313, -1.63676, -72.9757, 0.582376, 30.0758)

[node name="SM_Cliff50" parent="cliff_container" instance=ExtResource("1_p7qqm")]
transform = Transform3D(-1.81655, 0, -0.242122, 0, 1.83262, 0, 0.242122, 0, -1.81655, -85.8377, -1.92677, 34.7982)

[node name="SM_Cliff35" parent="cliff_container" instance=ExtResource("1_p7qqm")]
transform = Transform3D(0.762995, 0, 0.646404, 0, 1, 0, -0.646404, 0, 0.762995, -68.7093, -0.588661, 11.2151)

[node name="SM_Cliff39" parent="cliff_container" instance=ExtResource("1_p7qqm")]
transform = Transform3D(2.10934, 0, 1.39197, 0, 2.52723, 0, -1.39197, 0, 2.10934, -77.3948, -1.45947, 11.6964)

[node name="SM_Cliff52" parent="cliff_container" instance=ExtResource("1_p7qqm")]
transform = Transform3D(2.62301, 0, 1.01613, 0, 2.81296, 0, -1.01613, 0, 2.62301, -89.2667, 26.2833, 20.0265)

[node name="SM_Cliff53" parent="cliff_container" instance=ExtResource("1_p7qqm")]
transform = Transform3D(0.851076, 0, 0.525041, 0, 1, 0, -0.525041, 0, 0.851076, -93.7755, -0.840157, 24.0436)

[node name="SM_Cliff55" parent="cliff_container" instance=ExtResource("1_p7qqm")]
transform = Transform3D(0.829885, 0, 0.557933, 0, 1, 0, -0.557933, 0, 0.829885, -98.8454, -0.840157, 27.1712)

[node name="SM_Cliff96" parent="cliff_container" instance=ExtResource("1_p7qqm")]
transform = Transform3D(4.21041, 0, 2.01765, 0, 4.66888, 0, -2.01765, 0, 4.21041, -90.9133, -2.96169, 22.2814)

[node name="SM_Cliff99" parent="cliff_container" instance=ExtResource("1_p7qqm")]
transform = Transform3D(2.28612, 0, 0.443093, 0, 2.32867, 0, -0.443093, 0, 2.28612, -112.013, -2.29958, 34.0461)

[node name="SM_Cliff101" parent="cliff_container" instance=ExtResource("1_p7qqm")]
transform = Transform3D(0.98891, -7.8575e-09, -0.148517, 6.2951e-09, 1, -1.09901e-08, 0.148517, 9.93327e-09, 0.98891, -122.368, -0.588654, 39.4161)

[node name="SM_Cliff128" parent="cliff_container" instance=ExtResource("1_p7qqm")]
transform = Transform3D(-1.37304, 0, -0.183008, 0, 1.38518, 0, 0.183008, 0, -1.37304, -82.3049, 9.04098, 27.8307)

[node name="SM_Cliff169" parent="cliff_container" instance=ExtResource("1_p7qqm")]
transform = Transform3D(3.1033, 0, 0.830656, 0, 3.21254, 0, -0.830656, 0, 3.1033, -75.4762, 12.7802, 20.7454)

[node name="SM_Cliff173" parent="cliff_container" instance=ExtResource("1_p7qqm")]
transform = Transform3D(0.762995, 0, 0.646404, 0, 1, 0, -0.646404, 0, 0.762995, -68.7093, 4.81362, 11.2151)

[node name="SM_Cliff174" parent="cliff_container" instance=ExtResource("1_p7qqm")]
transform = Transform3D(2.35658, 0, 0.912922, 0, 2.52723, 0, -0.912922, 0, 2.35658, -95.4134, 12.1933, 20.3347)

[node name="SM_Cliff192" parent="cliff_container" instance=ExtResource("1_p7qqm")]
transform = Transform3D(0.851076, 0, 0.525041, 0, 1, 0, -0.525041, 0, 0.851076, -93.7755, 4.56212, 24.0436)

[node name="SM_Cliff193" parent="cliff_container" instance=ExtResource("1_p7qqm")]
transform = Transform3D(0.989977, 0, 0.14123, 0, 1, 0, -0.14123, 0, 0.989977, -115.346, 4.81363, 40.2139)

[node name="SM_Cliff103" parent="cliff_container" instance=ExtResource("1_p7qqm")]
transform = Transform3D(-1.63556, -0.0801388, -0.406478, -0.0949269, 1.6838, 0.0499925, 0.403281, 0.0713313, -1.63676, -116.471, 0.582376, -8.46183)

[node name="SM_Cliff115" parent="cliff_container" instance=ExtResource("1_p7qqm")]
transform = Transform3D(-1.81655, 0, -0.242122, 0, 1.83262, 0, 0.242122, 0, -1.81655, -129.333, -1.92677, -3.73945)

[node name="SM_Cliff118" parent="cliff_container" instance=ExtResource("1_p7qqm")]
transform = Transform3D(0.762995, 0, 0.646404, 0, 1, 0, -0.646404, 0, 0.762995, -112.204, -0.588661, -27.3225)

[node name="SM_Cliff119" parent="cliff_container" instance=ExtResource("1_p7qqm")]
transform = Transform3D(2.10934, 0, 1.39197, 0, 2.52723, 0, -1.39197, 0, 2.10934, -120.89, -1.45947, -26.8412)

[node name="SM_Cliff120" parent="cliff_container" instance=ExtResource("1_p7qqm")]
transform = Transform3D(2.62301, 0, 1.01613, 0, 2.81296, 0, -1.01613, 0, 2.62301, -132.762, 26.2833, -18.5111)

[node name="SM_Cliff122" parent="cliff_container" instance=ExtResource("1_p7qqm")]
transform = Transform3D(0.851076, 0, 0.525041, 0, 1, 0, -0.525041, 0, 0.851076, -137.27, -0.840157, -14.4941)

[node name="SM_Cliff123" parent="cliff_container" instance=ExtResource("1_p7qqm")]
transform = Transform3D(0.829885, 0, 0.557933, 0, 1, 0, -0.557933, 0, 0.829885, -142.34, -0.840157, -11.3664)

[node name="SM_Cliff125" parent="cliff_container" instance=ExtResource("1_p7qqm")]
transform = Transform3D(4.21041, 0, 2.01765, 0, 4.66888, 0, -2.01765, 0, 4.21041, -134.408, -2.96169, -16.2563)

[node name="SM_Cliff130" parent="cliff_container" instance=ExtResource("1_p7qqm")]
transform = Transform3D(2.28612, 0, 0.443093, 0, 2.32867, 0, -0.443093, 0, 2.28612, -155.508, -2.29958, -4.49156)

[node name="SM_Cliff132" parent="cliff_container" instance=ExtResource("1_p7qqm")]
transform = Transform3D(0.98891, -7.8575e-09, -0.148517, 6.2951e-09, 1, -1.09901e-08, 0.148517, 9.93327e-09, 0.98891, -165.863, -0.588654, 0.87846)

[node name="SM_Cliff133" parent="cliff_container" instance=ExtResource("1_p7qqm")]
transform = Transform3D(-1.37304, 0, -0.183008, 0, 1.38518, 0, 0.183008, 0, -1.37304, -125.8, 9.04098, -10.7069)

[node name="SM_Cliff194" parent="cliff_container" instance=ExtResource("1_p7qqm")]
transform = Transform3D(3.1033, 0, 0.830656, 0, 3.21254, 0, -0.830656, 0, 3.1033, -118.971, 12.7802, -17.7923)

[node name="SM_Cliff195" parent="cliff_container" instance=ExtResource("1_p7qqm")]
transform = Transform3D(0.762995, 0, 0.646404, 0, 1, 0, -0.646404, 0, 0.762995, -112.204, 4.81362, -27.3225)

[node name="SM_Cliff196" parent="cliff_container" instance=ExtResource("1_p7qqm")]
transform = Transform3D(2.35658, 0, 0.912922, 0, 2.52723, 0, -0.912922, 0, 2.35658, -138.908, 12.1933, -18.2029)

[node name="SM_Cliff197" parent="cliff_container" instance=ExtResource("1_p7qqm")]
transform = Transform3D(0.851076, 0, 0.525041, 0, 1, 0, -0.525041, 0, 0.851076, -137.27, 4.56212, -14.4941)

[node name="SM_Cliff69" parent="cliff_container" instance=ExtResource("1_p7qqm")]
transform = Transform3D(2.19503, 0, -2.75548, 0, 3.5229, 0, 2.75548, 0, 2.19503, -180.758, -2.09123, -21.6777)

[node name="SM_Cliff76" parent="cliff_container" instance=ExtResource("1_p7qqm")]
transform = Transform3D(1.19092, 0, 0.147408, 0, 1.20001, 0, -0.147408, 0, 1.19092, -181.471, -0.722729, -15.9072)

[node name="SM_Cliff78" parent="cliff_container" instance=ExtResource("1_p7qqm")]
transform = Transform3D(1.15254, 0, 0.334168, 0, 1.20001, 0, -0.334168, 0, 1.15254, -167.764, -0.722729, -20.6752)

[node name="SM_Cliff79" parent="cliff_container" instance=ExtResource("1_p7qqm")]
transform = Transform3D(1.07193, -1.34972e-08, 0.539429, 1.27684e-08, 1.20001, 4.65287e-09, -0.539429, 1.58341e-09, 1.07193, -141.883, -0.722729, -27.5322)

[node name="SM_Cliff135" parent="cliff_container" instance=ExtResource("1_p7qqm")]
transform = Transform3D(1.94111, 0, -2.80321, 0, 3.40968, 0, 2.80321, 0, 1.94111, -190.133, -1.70894, -39.2718)

[node name="SM_Cliff138" parent="cliff_container" instance=ExtResource("1_p7qqm")]
transform = Transform3D(1.19092, 0, 0.147408, 0, 1.20001, 0, -0.147408, 0, 1.19092, -181.471, 5.76005, -15.9072)

[node name="SM_Cliff143" parent="cliff_container" instance=ExtResource("1_p7qqm")]
transform = Transform3D(1.15254, 0, 0.334168, 0, 1.20001, 0, -0.334168, 0, 1.15254, -167.764, 5.76005, -20.6752)

[node name="SM_Cliff148" parent="cliff_container" instance=ExtResource("1_p7qqm")]
transform = Transform3D(1.07193, -1.34972e-08, 0.539429, 1.27684e-08, 1.20001, 4.65287e-09, -0.539429, 1.58341e-09, 1.07193, -141.883, 5.76005, -27.5322)

[node name="SM_Cliff149" parent="cliff_container" instance=ExtResource("1_p7qqm")]
transform = Transform3D(1.96887, 0.0972823, 0.461956, -0.113913, 2.02058, 0.0599913, -0.458139, -0.0843285, 1.97036, -182.143, -0.0238736, -57.1805)

[node name="SM_Cliff150" parent="cliff_container" instance=ExtResource("1_p7qqm")]
transform = Transform3D(2.1835, 0, 0.261913, 0, 2.19915, 0, -0.261913, 0, 2.1835, -166.636, -3.03487, -62.6444)

[node name="SM_Cliff151" parent="cliff_container" instance=ExtResource("1_p7qqm")]
transform = Transform3D(-0.925702, 0, -0.763606, 0, 1.20001, 0, 0.763606, 0, -0.925702, -187.559, -1.42913, -34.6167)

[node name="SM_Cliff152" parent="cliff_container" instance=ExtResource("1_p7qqm")]
transform = Transform3D(-2.55293, 0, -1.637, 0, 3.0327, 0, 1.637, 0, -2.55293, -177.13, -2.47411, -35.0574)

[node name="SM_Cliff153" parent="cliff_container" instance=ExtResource("1_p7qqm")]
transform = Transform3D(-3.16337, 0, -1.17795, 0, 3.37557, 0, 1.17795, 0, -3.16337, -162.754, 30.8175, -44.8658)

[node name="SM_Cliff157" parent="cliff_container" instance=ExtResource("1_p7qqm")]
transform = Transform3D(-1.02948, 0, -0.616595, 0, 1.20001, 0, 0.616595, 0, -1.02948, -157.28, -1.73092, -49.6148)

[node name="SM_Cliff158" parent="cliff_container" instance=ExtResource("1_p7qqm")]
transform = Transform3D(-1.00457, 0, -0.656396, 0, 1.20001, 0, 0.656396, 0, -1.00457, -151.148, -1.73092, -53.2878)

[node name="SM_Cliff159" parent="cliff_container" instance=ExtResource("1_p7qqm")]
transform = Transform3D(-5.08386, 0, -2.35468, 0, 5.6027, 0, 2.35468, 0, -5.08386, -160.743, -4.27679, -47.5455)

[node name="SM_Cliff160" parent="cliff_container" instance=ExtResource("1_p7qqm")]
transform = Transform3D(1.6504, 0, 0.197968, 0, 1.66223, 0, -0.197968, 0, 1.6504, -170.984, 10.1265, -54.3397)

[node name="SM_Cliff199" parent="cliff_container" instance=ExtResource("1_p7qqm")]
transform = Transform3D(-3.73674, 0, -0.947832, 0, 3.85508, 0, 0.947832, 0, -3.73674, -179.29, 14.6136, -45.9455)

[node name="SM_Cliff200" parent="cliff_container" instance=ExtResource("1_p7qqm")]
transform = Transform3D(-0.925702, 0, -0.763606, 0, 1.20001, 0, 0.763606, 0, -0.925702, -187.559, 5.05365, -34.6167)

[node name="SM_Cliff201" parent="cliff_container" instance=ExtResource("1_p7qqm")]
transform = Transform3D(-2.84205, 0, -1.0583, 0, 3.0327, 0, 1.0583, 0, -2.84205, -155.373, 13.9094, -45.1388)

[node name="SM_Cliff202" parent="cliff_container" instance=ExtResource("1_p7qqm")]
transform = Transform3D(-1.02948, 0, -0.616595, 0, 1.20001, 0, 0.616595, 0, -1.02948, -157.28, 4.75185, -49.6148)

[node name="SM_Cliff198" parent="cliff_container" instance=ExtResource("1_p7qqm")]
transform = Transform3D(0.989977, 0, 0.14123, 0, 1, 0, -0.14123, 0, 0.989977, -158.841, 4.81363, 1.67628)

[node name="SM_Cliff177" parent="cliff_container" instance=ExtResource("1_p7qqm")]
transform = Transform3D(0.366079, -1.25317e-08, -0.930584, 6.2951e-09, 1, -1.09901e-08, 0.930584, -1.83488e-09, 0.366079, -92.7047, 5.40228, -52.6274)

[node name="SM_Cliff178" parent="cliff_container" instance=ExtResource("1_p7qqm")]
transform = Transform3D(1.2308, -2.74885e-08, -0.888037, 1.30512e-08, 1.51772, -2.88911e-08, 0.888037, 1.57928e-08, 1.2308, -114.996, -1.48584, -116.616)

[node name="SM_Cliff180" parent="cliff_container" instance=ExtResource("1_p7qqm")]
transform = Transform3D(0.14523, -2.96327e-08, -1.28283, 1.16862e-08, 1.29102, -2.8499e-08, 1.28283, -8.40615e-09, 0.14523, -93.4204, -2.42343, -80.9585)

[node name="SM_Cliff184" parent="cliff_container" instance=ExtResource("1_p7qqm")]
transform = Transform3D(1.16074, -4.72013e-08, -3.22726, 2.31496e-08, 3.42965, -4.18353e-08, 3.22726, -7.62466e-09, 1.16074, -82.9694, 19.3858, -88.6892)

[node name="SM_Cliff185" parent="cliff_container" instance=ExtResource("1_p7qqm")]
transform = Transform3D(1.62016, -2.58881e-08, -3.02285, 1.42145e-08, 3.42965, -2.17535e-08, 3.02285, -2.25218e-09, 1.62016, -103.405, -5.90197, -108.466)

[node name="SM_Cliff186" parent="cliff_container" instance=ExtResource("1_p7qqm")]
transform = Transform3D(3.03721, 6.14249e-08, -1.59308, -4.82826e-08, 3.42965, 4.01876e-08, 1.59308, -1.31616e-08, 3.03721, -105.524, 19.3858, -134.545)

[node name="SM_Cliff187" parent="cliff_container" instance=ExtResource("1_p7qqm")]
transform = Transform3D(3.14689, 7.13883e-08, -1.36367, -5.83104e-08, 3.42965, 4.49821e-08, 1.36367, -1.80885e-08, 3.14689, -132.326, 19.3858, -138.466)

[node name="SM_Cliff188" parent="cliff_container" instance=ExtResource("1_p7qqm")]
transform = Transform3D(1.95703, 5.31118e-08, -0.525154, -4.67119e-08, 2.02627, 3.08518e-08, 0.525154, -1.76911e-08, 1.95703, -136.95, 7.9061, -137.307)

[node name="SM_Cliff189" parent="cliff_container" instance=ExtResource("1_p7qqm")]
transform = Transform3D(1.85921, 4.21768e-08, -0.805669, -3.44502e-08, 2.02627, 2.65758e-08, 0.805669, -1.06869e-08, 1.85921, -149.917, 7.9061, -142.617)

[node name="SM_Cliff258" parent="cliff_container" instance=ExtResource("1_p7qqm")]
transform = Transform3D(3.2388, 7.34732e-08, -1.4035, -6.00133e-08, 3.52982, 4.62958e-08, 1.4035, -1.86168e-08, 3.2388, -149.917, 24.5223, -142.617)

[node name="SM_Cliff190" parent="cliff_container" instance=ExtResource("1_p7qqm")]
transform = Transform3D(1.95703, 5.31118e-08, -0.525154, -4.67119e-08, 2.02627, 3.08518e-08, 0.525154, -1.76911e-08, 1.95703, -163.989, 7.9061, -147.12)

[node name="SM_Cliff80" parent="cliff_container" instance=ExtResource("1_p7qqm")]
transform = Transform3D(1.11635, 2.97362e-08, 1.61029, 1.81819e-08, 1.95941, -4.87879e-08, -1.61029, 4.27386e-08, 1.11635, -267.889, -6.27238, -74.5953)

[node name="SM_Cliff81" parent="cliff_container" instance=ExtResource("1_p7qqm")]
transform = Transform3D(1.13345, -1.11206e-10, 0.618081, 8.7142e-09, 1.29102, -1.5748e-08, -0.618081, 1.79979e-08, 1.13345, -243.193, 3.6839, -99.4948)

[node name="SM_Cliff91" parent="cliff_container" instance=ExtResource("1_p7qqm")]
transform = Transform3D(1.10843, -2.24264e-08, 3.2456, -4.82826e-08, 3.42965, 4.01876e-08, -3.2456, -5.86797e-08, 1.10843, -272.845, 5.06585, -85.4643)

[node name="SM_Cliff92" parent="cliff_container" instance=ExtResource("1_p7qqm")]
